"school","sex","age","address","famsize","Pstatus","Medu","Fedu","Mjob","Fjob","reason","guardian","traveltime","studytime","failures","schoolsup","famsup","paid","activities","nursery","higher","internet","romantic","famrel","freetime","goout","Dalc","Walc","health","absences","G1","G2","G3"
"GP","F",18,"U","GT3","A",4,4,"at_home","teacher","course","mother",29.4064716633875,3.96768390433863,0,"yes","no","no","no","yes","yes","no","no",4,3,4,1,1,3,6,5,6,6
"GP","F",17,"U","GT3","T",1,1,"at_home","other","course","father",12.2381181251258,2.68375657033175,0,"no","yes","no","no","no","yes","yes","no",5,3,3,1,1,3,4,5,5,6
"GP","F",15,"U","LE3","T",1,1,"at_home","other","other","mother",8.10206666402519,3.00953720370308,3,"yes","no","yes","no","yes","yes","yes","no",4,3,2,2,3,3,10,7,8,10
"GP","F",15,"U","GT3","T",4,2,"health","services","home","mother",5.61765156872571,8.81774492794648,0,"no","yes","yes","yes","yes","yes","yes","yes",3,2,2,1,1,5,2,15,14,15
"GP","F",16,"U","GT3","T",3,3,"other","other","home","father",13.9993733665906,3.8618873890955,0,"no","yes","yes","no","yes","yes","no","no",4,3,2,1,2,5,4,6,10,10
"GP","M",16,"U","LE3","T",4,3,"services","other","reputation","mother",2.56287029851228,2.12541059893556,0,"no","yes","yes","yes","yes","yes","yes","no",5,4,2,1,2,5,10,15,15,15
"GP","M",16,"U","LE3","T",2,2,"other","other","home","mother",13.122194731608,4.0060741181951,0,"no","no","no","no","yes","yes","yes","no",4,4,4,1,1,3,0,12,12,11
"GP","F",17,"U","GT3","A",4,4,"other","teacher","home","mother",18.0766770243645,4.8773458939977,0,"yes","yes","no","no","yes","yes","no","no",4,1,4,1,1,1,6,6,5,6
"GP","M",15,"U","LE3","A",3,2,"services","other","home","mother",13.5002490631305,2.7958531321492,0,"no","yes","yes","no","yes","yes","yes","no",4,2,2,1,1,1,0,16,18,19
"GP","M",15,"U","GT3","T",3,4,"other","other","home","mother",8.74263788759708,3.42239453876391,0,"no","yes","yes","yes","yes","yes","yes","no",5,5,1,1,1,5,0,14,15,15
"GP","F",15,"U","GT3","T",4,4,"teacher","health","reputation","mother",3.48637964110821,2.56923175090924,0,"no","yes","yes","no","yes","yes","yes","no",3,3,3,1,2,2,0,10,8,9
"GP","F",15,"U","GT3","T",2,1,"services","other","reputation","father",54.5869571634103,6.94462702027522,0,"no","yes","no","yes","yes","yes","yes","no",5,2,2,1,1,4,4,10,12,12
"GP","M",15,"U","LE3","T",4,4,"health","services","course","father",5.13712103990838,1.96006161882542,0,"no","yes","yes","yes","yes","yes","yes","no",4,3,3,1,3,5,2,14,14,14
"GP","M",15,"U","GT3","T",4,3,"teacher","other","course","mother",15.8472125872504,4.54892380232923,0,"no","yes","yes","no","yes","yes","yes","no",5,4,3,1,2,3,2,10,10,11
"GP","M",15,"U","GT3","A",2,2,"other","other","home","other",6.25215007085353,5.77365503646433,0,"no","yes","no","no","yes","yes","yes","yes",4,5,2,1,1,3,0,14,16,16
"GP","F",16,"U","GT3","T",4,4,"health","other","home","mother",7.73827554332092,1.77043145289645,0,"no","yes","no","no","yes","yes","yes","no",4,4,4,1,2,2,4,14,14,14
"GP","F",16,"U","GT3","T",4,4,"services","services","reputation","mother",1.87688551936299,7.25011754664592,0,"no","yes","yes","yes","yes","yes","yes","no",3,2,3,1,2,2,6,13,14,14
"GP","F",16,"U","GT3","T",3,3,"other","other","reputation","mother",51.6717556631193,4.92500806227326,0,"yes","yes","no","yes","yes","yes","no","no",5,3,2,1,1,4,4,8,10,10
"GP","M",17,"U","GT3","T",3,2,"services","services","course","mother",12.1248667775653,1.46539000538178,3,"no","yes","no","yes","yes","yes","yes","no",5,5,5,2,4,5,16,6,5,5
"GP","M",16,"U","LE3","T",4,3,"health","other","home","father",10.0206866208464,1.52098712348379,0,"no","no","yes","yes","yes","yes","yes","no",3,1,3,1,3,5,4,8,10,10
"GP","M",15,"U","GT3","T",4,3,"teacher","other","reputation","mother",4.97982532437891,2.83268691040576,0,"no","no","no","no","yes","yes","yes","no",4,4,1,1,1,1,0,13,14,15
"GP","M",15,"U","GT3","T",4,4,"health","health","other","father",6.99119255831465,1.27233339706436,0,"no","yes","yes","no","yes","yes","yes","no",5,4,2,1,1,5,0,12,15,15
"GP","M",16,"U","LE3","T",4,2,"teacher","other","course","mother",3.38810136029497,4.18324018851854,0,"no","no","no","yes","yes","yes","yes","no",4,5,1,1,3,5,2,15,15,16
"GP","M",16,"U","LE3","T",2,2,"other","other","reputation","mother",26.6785115597304,3.97222438687459,0,"no","yes","no","yes","yes","yes","yes","no",5,4,4,2,4,5,0,13,13,12
"GP","F",15,"R","GT3","T",2,4,"services","health","course","mother",12.9341698968783,5.29171093716286,0,"yes","yes","yes","yes","yes","yes","yes","no",4,3,2,1,1,5,2,10,9,8
"GP","F",16,"U","GT3","T",2,2,"services","services","home","mother",1.83311732672155,1.35127984266728,2,"no","yes","yes","no","no","yes","yes","no",1,2,2,1,3,5,14,6,9,8
"GP","M",15,"U","GT3","T",2,2,"other","other","home","mother",7.03325223270804,1.22321967803873,0,"no","yes","yes","no","yes","yes","yes","no",4,2,2,1,2,5,2,12,12,11
"GP","M",15,"U","GT3","T",4,2,"health","services","other","mother",11.2354537216015,1.04671555617824,0,"no","no","yes","no","yes","yes","yes","no",2,2,4,2,4,1,4,15,16,15
"GP","M",16,"U","LE3","A",3,4,"services","other","home","mother",2.56141573796049,4.36040872591548,0,"yes","yes","no","yes","yes","yes","yes","no",5,3,3,1,1,5,4,11,11,11
"GP","M",16,"U","GT3","T",4,4,"teacher","teacher","home","mother",8.23940961342305,4.45641018613242,0,"no","yes","yes","yes","yes","yes","yes","yes",4,4,5,5,5,5,16,10,12,11
"GP","M",15,"U","GT3","T",4,4,"health","services","home","mother",6.48469412326813,3.06697316141799,0,"no","yes","yes","no","no","yes","yes","no",5,4,2,3,4,5,0,9,11,12
"GP","M",15,"U","GT3","T",4,4,"services","services","reputation","mother",29.0325544285588,3.77534618764184,0,"no","yes","no","yes","yes","yes","yes","no",4,3,1,1,1,5,0,17,16,17
"GP","M",15,"R","GT3","T",4,3,"teacher","at_home","course","mother",5.86818591458723,2.94948413223028,0,"no","yes","no","yes","yes","yes","yes","yes",4,5,2,1,1,5,0,17,16,16
"GP","M",15,"U","LE3","T",3,3,"other","other","course","mother",7.21084797242656,4.47027517552488,0,"no","no","no","yes","no","yes","yes","no",5,3,2,1,1,2,0,8,10,12
"GP","M",16,"U","GT3","T",3,2,"other","other","home","mother",5.53597584972158,1.36501128273085,0,"no","yes","yes","no","no","yes","yes","no",5,4,3,1,1,5,0,12,14,15
"GP","F",15,"U","GT3","T",2,3,"other","other","other","father",29.2914558586199,1.51375451823696,0,"no","yes","no","yes","yes","yes","no","no",3,5,1,1,1,5,0,8,7,6
"GP","M",15,"U","LE3","T",4,3,"teacher","services","home","mother",4.27075288305059,8.14704145421274,0,"no","yes","no","yes","yes","yes","yes","no",5,4,3,1,1,4,2,15,16,18
"GP","M",16,"R","GT3","A",4,4,"other","teacher","reputation","mother",20.7218917028513,9.93709199829027,0,"no","yes","no","yes","yes","yes","yes","yes",2,4,3,1,1,5,7,15,16,15
"GP","F",15,"R","GT3","T",3,4,"services","health","course","mother",10.209161747247,9.58560452563688,0,"yes","yes","yes","yes","yes","yes","yes","no",4,3,2,1,1,5,2,12,12,11
"GP","F",15,"R","GT3","T",2,2,"at_home","other","reputation","mother",1.27688304195181,1.47997322073206,0,"yes","yes","yes","yes","yes","yes","no","no",4,3,1,1,1,2,8,14,13,13
"GP","F",16,"U","LE3","T",2,2,"other","other","home","mother",26.9918822112959,2.8557463278994,1,"no","yes","no","yes","no","yes","yes","yes",3,3,3,1,2,3,25,7,10,11
"GP","M",15,"U","LE3","T",4,4,"teacher","other","home","other",12.8638621699065,1.75247544259764,0,"no","yes","no","no","no","yes","yes","yes",5,4,3,2,4,5,8,12,12,12
"GP","M",15,"U","GT3","T",4,4,"services","teacher","course","father",13.6575221633539,2.37663947301917,0,"no","yes","no","yes","yes","yes","yes","no",4,3,3,1,1,5,2,19,18,18
"GP","M",15,"U","GT3","T",2,2,"services","services","course","father",1.8647260828875,1.18542180163786,0,"yes","yes","no","no","yes","yes","yes","no",5,4,1,1,1,1,0,8,8,11
"GP","F",16,"U","LE3","T",2,2,"other","at_home","course","father",27.1144369756803,2.18604925111867,1,"yes","no","no","yes","yes","yes","yes","no",4,3,3,2,2,5,14,10,10,9
"GP","F",15,"U","LE3","A",4,3,"other","other","course","mother",14.7236417420208,3.00430031772703,0,"yes","yes","yes","yes","yes","yes","yes","yes",5,2,2,1,1,5,8,8,8,6
"GP","F",16,"U","LE3","A",3,3,"other","services","home","mother",5.68590264255181,4.13140950002708,0,"no","yes","no","no","yes","yes","yes","no",2,3,5,1,4,3,12,11,12,11
"GP","M",16,"U","GT3","T",4,3,"health","services","reputation","mother",7.32498961593956,11.7949555546511,0,"no","no","no","yes","yes","yes","yes","no",4,2,2,1,1,2,4,19,19,20
"GP","M",15,"U","GT3","T",4,2,"teacher","other","home","mother",9.67130456632003,3.42040765821002,0,"no","yes","yes","no","yes","yes","no","no",4,3,3,2,2,5,2,15,15,14
"GP","F",15,"U","GT3","T",4,4,"services","teacher","other","father",4.59809719212353,2.66081420541741,1,"yes","yes","no","yes","no","yes","yes","no",4,4,4,1,1,3,2,7,7,7
"GP","F",16,"U","LE3","T",2,2,"services","services","course","mother",57.1943429647945,3.25191182782874,0,"no","yes","yes","no","yes","yes","yes","no",4,3,3,2,3,4,2,12,13,13
"GP","F",15,"U","LE3","T",4,2,"health","other","other","mother",12.5945000667125,2.6037919910159,0,"no","yes","yes","no","yes","yes","yes","no",4,3,3,1,1,5,2,11,13,13
"GP","M",15,"U","LE3","A",4,2,"health","health","other","father",21.4529008429963,1.30712909204885,1,"no","no","no","no","yes","yes","no","no",5,5,5,3,4,5,6,11,11,10
"GP","F",15,"U","GT3","T",4,4,"services","services","course","mother",8.04114592541009,1.57561792479828,0,"yes","yes","yes","no","yes","yes","yes","no",3,3,4,2,3,5,0,8,10,11
"GP","F",15,"U","LE3","A",3,3,"other","other","other","mother",5.14271681569517,1.30057198856957,0,"no","no","yes","no","yes","yes","yes","no",5,3,4,4,4,1,6,10,13,13
"GP","F",16,"U","GT3","A",2,1,"other","other","other","mother",12.2301361639984,2.62214095424861,0,"no","no","yes","yes","yes","yes","yes","yes",5,3,4,1,1,2,8,8,9,10
"GP","F",15,"U","GT3","A",4,3,"services","services","reputation","mother",7.21226313058287,4.6710808747448,0,"no","yes","yes","yes","yes","yes","yes","no",4,3,2,1,1,1,0,14,15,15
"GP","M",15,"U","GT3","T",4,4,"teacher","health","reputation","mother",10.9178509409539,4.22764928569086,0,"no","yes","no","yes","yes","yes","no","no",3,2,2,1,1,5,4,14,15,15
"GP","M",15,"U","LE3","T",1,2,"other","at_home","home","father",1.08467211341485,4.39205938600935,0,"yes","yes","no","yes","yes","yes","yes","no",4,3,2,1,1,5,2,9,10,9
"GP","F",16,"U","GT3","T",4,2,"services","other","course","mother",5.41189620364457,3.78135608555749,0,"no","yes","no","no","yes","yes","yes","no",4,2,3,1,1,5,2,15,16,16
"GP","F",16,"R","GT3","T",4,4,"health","teacher","other","mother",4.89955720771104,3.12464036745951,0,"no","yes","no","yes","yes","yes","no","no",2,4,4,2,3,4,6,10,11,11
"GP","F",16,"U","GT3","T",1,1,"services","services","course","father",77.8889442980289,1.00711058522575,0,"yes","yes","no","yes","no","yes","yes","yes",5,5,5,5,5,5,6,10,8,11
"GP","F",16,"U","LE3","T",1,2,"other","services","reputation","father",12.8599349232391,3.01062021683902,0,"yes","no","no","yes","yes","yes","yes","no",4,4,3,1,1,1,4,8,10,9
"GP","F",16,"U","GT3","T",4,3,"teacher","health","home","mother",13.2784796101041,7.90707153268158,0,"yes","yes","yes","yes","yes","yes","yes","no",3,4,4,2,4,4,2,10,9,9
"GP","F",15,"U","LE3","T",4,3,"services","services","reputation","father",7.44689866201952,4.19324634037912,0,"yes","no","no","yes","yes","yes","yes","yes",4,4,4,2,4,2,0,10,10,10
"GP","F",16,"U","LE3","T",4,3,"teacher","services","course","mother",51.9637354847509,3.71652068989351,0,"no","yes","no","yes","yes","yes","yes","no",5,4,3,1,2,1,2,16,15,15
"GP","M",15,"U","GT3","A",4,4,"other","services","reputation","mother",12.0540669052862,10.725289080292,0,"no","yes","no","yes","no","yes","yes","yes",1,3,3,5,5,3,4,13,13,12
"GP","F",16,"U","GT3","T",3,1,"services","other","course","mother",14.1240480025299,13.4047782223206,0,"yes","yes","yes","no","yes","yes","yes","no",4,3,3,1,2,5,4,7,7,6
"GP","F",15,"R","LE3","T",2,2,"health","services","reputation","mother",15.9099197073374,2.80052762455307,0,"yes","yes","yes","no","yes","yes","yes","no",4,1,3,1,3,4,2,8,9,8
"GP","F",15,"R","LE3","T",3,1,"other","other","reputation","father",29.0597251395229,14.8486374097411,0,"no","yes","no","no","no","yes","yes","no",4,4,2,2,3,3,12,16,16,16
"GP","M",16,"U","GT3","T",3,1,"other","other","reputation","father",25.5056172225159,14.4851335114799,0,"no","yes","yes","no","yes","yes","yes","no",4,3,2,1,1,5,0,13,15,15
"GP","M",15,"U","GT3","T",4,2,"other","other","course","mother",8.75784872146323,10.3684168157633,0,"no","no","no","no","yes","yes","yes","no",3,3,3,1,1,3,0,10,10,10
"GP","F",15,"R","GT3","T",1,1,"other","other","reputation","mother",9.39984611095861,2.49646148900501,2,"yes","yes","no","no","no","yes","yes","yes",3,3,4,2,4,5,2,8,6,5
"GP","M",16,"U","GT3","T",3,1,"other","other","reputation","mother",6.24306005751714,1.69571718014777,0,"no","no","no","yes","yes","yes","no","no",5,3,2,2,2,5,2,12,12,14
"GP","F",16,"U","GT3","T",3,3,"other","services","home","mother",14.6483862926252,2.19471262488514,0,"yes","yes","yes","yes","yes","yes","yes","no",4,3,3,2,4,5,54,11,12,11
"GP","M",15,"U","GT3","T",4,3,"teacher","other","home","mother",2.23347837850451,3.53142677946016,0,"no","yes","yes","yes","yes","yes","yes","no",4,3,3,2,3,5,6,9,9,10
"GP","M",15,"U","GT3","T",4,0,"teacher","other","course","mother",22.5543236383237,10.3728195547592,0,"no","no","no","yes","yes","yes","yes","no",3,4,3,1,1,1,8,11,11,10
"GP","F",16,"U","GT3","T",2,2,"other","other","reputation","mother",1.66108875628561,12.6293541246559,0,"no","no","yes","no","yes","yes","yes","yes",5,2,3,1,3,3,0,11,11,11
"GP","M",17,"U","GT3","T",2,1,"other","other","home","mother",21.5632060985081,1.94842403614894,3,"yes","yes","no","yes","yes","no","yes","no",4,5,1,1,1,3,2,8,8,10
"GP","F",16,"U","GT3","T",3,4,"at_home","other","course","mother",13.7620186787099,4.04119696002454,0,"no","yes","no","no","yes","yes","yes","no",2,4,3,1,2,3,12,5,5,5
"GP","M",15,"U","GT3","T",2,3,"other","services","course","father",10.9581800587475,1.74880632176064,0,"yes","yes","yes","yes","no","yes","yes","yes",3,2,2,1,3,3,2,10,12,12
"GP","M",15,"U","GT3","T",2,3,"other","other","home","mother",7.22336972644553,9.80633934494108,0,"yes","no","yes","no","no","yes","yes","no",5,3,2,1,2,5,4,11,10,11
"GP","F",15,"U","LE3","T",3,2,"services","other","reputation","mother",6.66767571214586,2.50112646305934,0,"no","yes","yes","no","yes","yes","yes","no",4,4,4,1,1,5,10,7,6,6
"GP","M",15,"U","LE3","T",2,2,"services","services","home","mother",27.4163501802832,2.93570155650377,0,"no","no","yes","yes","yes","yes","yes","no",5,3,3,1,3,4,4,15,15,15
"GP","F",15,"U","GT3","T",1,1,"other","other","home","father",10.1399534214288,2.89546177652664,0,"no","yes","no","yes","no","yes","yes","no",4,3,2,2,3,4,2,9,10,10
"GP","F",15,"U","GT3","T",4,4,"services","services","reputation","father",23.3782593347132,4.50099357240833,2,"no","no","yes","no","yes","yes","yes","yes",4,4,4,2,3,5,6,7,9,8
"GP","F",16,"U","LE3","T",2,2,"at_home","other","course","mother",6.1900748629123,3.21918084169738,0,"no","yes","no","no","yes","yes","no","no",4,3,4,1,2,2,4,8,7,6
"GP","F",15,"U","GT3","T",4,2,"other","other","reputation","mother",1.99637703876942,7.61152831604704,0,"no","yes","no","yes","yes","yes","yes","no",5,3,3,1,3,1,4,13,14,14
"GP","M",16,"U","GT3","T",2,2,"services","other","reputation","father",20.1234458573163,4.14875534083694,1,"no","no","yes","yes","no","yes","yes","no",4,4,2,1,1,3,12,11,10,10
"GP","M",16,"U","LE3","A",4,4,"teacher","health","reputation","mother",11.2523877550848,2.32441432308406,0,"no","yes","no","no","yes","yes","no","no",4,1,3,3,5,5,18,8,6,7
"GP","F",16,"U","GT3","T",3,3,"other","other","home","mother",14.3371013575234,9.52386373421177,0,"no","yes","yes","no","yes","yes","yes","yes",4,3,3,1,3,4,0,7,7,8
"GP","F",15,"U","GT3","T",4,3,"services","other","reputation","mother",3.78861151076853,1.31877392577007,0,"no","no","yes","yes","yes","yes","yes","no",4,5,5,1,3,1,4,16,17,18
"GP","F",16,"U","LE3","T",3,1,"other","other","home","father",3.76254305476323,4.35574425617233,0,"yes","yes","no","no","yes","yes","no","no",3,3,3,2,3,2,4,7,6,6
"GP","F",16,"U","GT3","T",4,2,"teacher","services","home","mother",26.4541816769633,4.12187149282545,0,"no","yes","yes","yes","yes","yes","yes","no",5,3,3,1,1,1,0,11,10,10
"GP","M",15,"U","LE3","T",2,2,"services","health","reputation","mother",1.47338933357969,10.9490726608783,0,"no","yes","no","yes","yes","yes","yes","no",4,3,4,1,1,4,6,11,13,14
"GP","F",15,"R","GT3","T",1,1,"at_home","other","home","mother",23.5711576708127,12.6712107681669,1,"yes","yes","yes","yes","yes","yes","yes","no",3,1,2,1,1,1,2,7,10,10
"GP","M",16,"R","GT3","T",4,3,"services","other","reputation","mother",23.5286912857555,1.86067535704933,0,"yes","yes","no","yes","no","yes","yes","no",3,3,3,1,1,4,2,11,15,15
"GP","F",16,"U","GT3","T",2,1,"other","other","course","mother",8.83781555714086,4.12623440893367,0,"no","yes","yes","no","yes","yes","no","yes",4,3,5,1,1,5,2,8,9,10
"GP","F",16,"U","GT3","T",4,4,"other","other","reputation","mother",7.1050232690759,1.65757143939845,0,"no","no","no","yes","no","yes","yes","no",5,3,4,1,2,1,6,11,14,14
"GP","F",16,"U","GT3","T",4,3,"other","at_home","course","mother",3.69122974202037,5.03417455824092,0,"yes","yes","yes","no","yes","yes","yes","no",5,3,5,1,1,3,0,7,9,8
"GP","M",16,"U","GT3","T",4,4,"services","services","other","mother",6.39579797396436,1.3642583808396,0,"yes","yes","yes","yes","yes","yes","yes","no",4,5,5,5,5,4,14,7,7,5
"GP","M",16,"U","GT3","T",4,4,"services","teacher","other","father",8.83428101427853,7.5023116345983,0,"no","yes","no","yes","yes","yes","yes","yes",4,4,3,1,1,4,0,16,17,17
"GP","M",15,"U","GT3","T",4,4,"services","other","course","mother",5.75299589289352,1.30242246785201,0,"no","yes","no","yes","no","yes","yes","no",5,3,3,1,1,5,4,10,13,14
"GP","F",15,"U","GT3","T",3,2,"services","other","home","mother",23.8393397536129,3.52841300191358,0,"yes","yes","yes","no","yes","yes","yes","no",4,3,5,1,1,2,26,7,6,6
"GP","M",15,"U","GT3","A",3,4,"services","other","course","mother",9.31509310333058,3.72887590294704,0,"no","yes","yes","yes","yes","yes","yes","no",5,4,4,1,1,1,0,16,18,18
"GP","F",15,"U","GT3","A",3,3,"other","health","reputation","father",2.99619611212984,10.7779449177906,0,"yes","no","no","no","yes","yes","no","no",4,3,3,1,1,4,10,10,11,11
"GP","F",15,"U","GT3","T",2,2,"other","other","course","mother",3.49652057839558,10.9370686276816,0,"yes","yes","yes","no","yes","yes","yes","no",5,1,2,1,1,3,8,7,8,8
"GP","M",16,"U","GT3","T",3,3,"services","other","home","father",6.56589504797012,5.4752482008189,0,"no","yes","no","yes","yes","yes","yes","no",5,3,3,1,1,5,2,16,18,18
"GP","M",15,"R","GT3","T",4,4,"other","other","home","father",90.3719853982329,10.2264643076342,0,"no","yes","yes","yes","yes","yes","yes","yes",1,3,5,3,5,1,6,10,13,13
"GP","F",16,"U","LE3","T",4,4,"health","health","other","mother",9.84411881165579,5.30306985485367,0,"no","yes","yes","yes","yes","yes","yes","yes",5,4,5,1,1,4,4,14,15,16
"GP","M",15,"U","LE3","A",4,4,"teacher","teacher","course","mother",9.2500816443935,1.57670042174868,0,"no","no","no","yes","yes","yes","yes","no",5,5,3,1,1,4,6,18,19,19
"GP","F",16,"R","GT3","T",3,3,"services","other","reputation","father",3.68598460126668,6.44529528799467,1,"yes","yes","no","yes","yes","yes","yes","no",4,1,2,1,1,2,0,7,10,10
"GP","F",16,"U","GT3","T",2,2,"at_home","other","home","mother",8.05557905742899,3.52349758357741,1,"yes","no","no","yes","yes","yes","yes","no",3,1,2,1,1,5,6,10,13,13
"GP","M",15,"U","LE3","T",4,2,"teacher","other","course","mother",12.051026750356,1.07819081679918,0,"no","no","no","no","yes","yes","yes","no",3,5,2,1,1,3,10,18,19,19
"GP","M",15,"R","GT3","T",2,1,"health","services","reputation","mother",5.55877568665892,4.65700615057722,0,"no","no","no","yes","yes","yes","yes","yes",5,4,2,1,1,5,8,9,9,9
"GP","M",16,"U","GT3","T",4,4,"teacher","teacher","course","father",13.8072623456828,3.61017140978947,0,"no","yes","no","yes","yes","yes","yes","no",5,4,4,1,2,5,2,15,15,16
"GP","M",15,"U","GT3","T",4,4,"other","teacher","reputation","father",17.5852634443436,2.28521256009117,0,"no","yes","no","yes","yes","yes","no","no",4,4,3,1,1,2,2,11,13,14
"GP","M",16,"U","GT3","T",3,3,"other","services","home","father",24.3827021308243,1.57693074434064,0,"no","no","no","yes","yes","yes","yes","no",5,4,2,1,1,5,0,13,14,13
"GP","M",17,"R","GT3","T",1,3,"other","other","course","father",48.0084622395225,3.22584925056435,1,"no","yes","no","yes","yes","yes","yes","no",5,2,4,1,4,5,20,9,7,8
"GP","M",15,"U","GT3","T",3,4,"other","other","reputation","father",2.71437925985083,1.91040575713851,0,"no","no","no","no","yes","yes","yes","no",3,4,3,1,2,4,6,14,13,13
"GP","F",15,"U","GT3","T",1,2,"at_home","services","course","mother",2.60244017047808,2.36039984994568,0,"no","no","no","no","no","yes","yes","no",3,2,3,1,2,1,2,16,15,15
"GP","M",15,"U","GT3","T",2,2,"services","services","home","father",2.50427258340642,14.8945057904348,0,"no","yes","yes","yes","yes","yes","yes","no",5,5,4,1,2,5,6,16,14,15
"GP","F",16,"U","LE3","T",2,4,"other","health","course","father",26.9653909269255,4.66453165723942,0,"no","yes","yes","yes","yes","yes","yes","yes",4,2,2,1,2,5,2,13,13,13
"GP","M",16,"U","GT3","T",4,4,"health","other","course","mother",13.7123764194548,1.51089011272416,0,"no","yes","no","yes","yes","yes","yes","no",3,4,4,1,4,5,18,14,11,13
"GP","F",16,"U","GT3","T",2,2,"other","other","home","mother",7.23531530192122,3.2511586160399,0,"no","no","yes","no","yes","yes","yes","yes",5,4,4,1,1,5,0,8,7,8
"GP","M",15,"U","GT3","T",3,4,"services","services","home","father",11.9035097360611,1.75883497623727,0,"yes","no","no","no","yes","yes","yes","no",5,5,5,3,2,5,0,13,13,12
"GP","F",15,"U","LE3","A",3,4,"other","other","home","mother",6.31814821297303,4.03558991802856,0,"yes","no","no","yes","yes","yes","yes","yes",5,3,2,1,1,1,0,7,10,11
"GP","F",19,"U","GT3","T",0,1,"at_home","other","course","other",12.6100371731445,3.04537118296139,3,"no","yes","no","no","no","no","no","no",3,4,2,1,1,5,2,7,8,9
"GP","M",18,"R","GT3","T",2,2,"services","other","reputation","mother",6.58821170357987,1.32430598046631,2,"no","yes","no","yes","yes","yes","yes","no",3,3,3,1,2,4,0,7,4,0
"GP","M",16,"R","GT3","T",4,4,"teacher","teacher","course","mother",7.88894954090938,1.75733942957595,0,"no","no","yes","yes","yes","yes","yes","no",3,5,5,2,5,4,8,18,18,18
"GP","F",15,"R","GT3","T",3,4,"services","teacher","course","father",19.5293692499399,8.04626222350635,2,"no","yes","no","no","yes","yes","yes","yes",4,2,2,2,2,5,0,12,0,0
"GP","F",15,"U","GT3","T",1,1,"at_home","other","course","mother",53.276382117765,1.13676463300362,0,"no","yes","no","yes","no","yes","yes","yes",4,3,3,1,2,4,0,8,0,0
"GP","F",17,"U","LE3","T",2,2,"other","other","course","father",1.54871208779514,1.95431296364404,0,"no","yes","no","no","yes","yes","yes","yes",3,4,4,1,3,5,12,10,13,12
"GP","F",16,"U","GT3","A",3,4,"services","other","course","father",13.0450127110817,1.61562512908131,0,"no","no","no","no","yes","yes","yes","no",3,2,1,1,4,5,16,12,11,11
"GP","M",15,"R","GT3","T",3,4,"at_home","teacher","course","mother",117.104868362658,3.19547847774811,0,"no","yes","no","no","yes","yes","no","yes",5,3,3,1,1,5,0,9,0,0
"GP","F",15,"U","GT3","T",4,4,"services","at_home","course","mother",2.34891221718863,6.75827631843276,0,"no","yes","no","yes","yes","yes","yes","yes",4,3,3,1,1,5,0,11,0,0
"GP","M",17,"R","GT3","T",3,4,"at_home","other","course","mother",49.8306204972323,3.03684512991458,0,"no","no","no","no","yes","yes","no","no",5,4,5,2,4,5,0,10,0,0
"GP","F",16,"U","GT3","A",3,3,"other","other","course","other",20.5080514261499,1.4628977177199,2,"no","yes","no","yes","no","yes","yes","yes",4,3,2,1,1,5,0,4,0,0
"GP","M",16,"U","LE3","T",1,1,"services","other","course","mother",5.37703182129189,2.13065752433613,1,"no","no","no","no","yes","yes","no","yes",4,4,4,1,3,5,0,14,12,12
"GP","F",15,"U","GT3","T",4,4,"teacher","teacher","course","mother",23.6334788321983,1.54456350207329,0,"no","no","no","yes","yes","yes","yes","no",4,3,2,1,1,5,0,16,16,15
"GP","M",15,"U","GT3","T",4,3,"teacher","services","course","father",23.5764796170406,11.1218003393151,0,"yes","yes","no","no","yes","yes","yes","no",2,2,2,1,1,3,0,7,9,0
"GP","M",16,"U","LE3","T",2,2,"services","services","reputation","father",22.1698658668902,1.83602108596824,2,"no","yes","no","yes","yes","yes","yes","no",2,3,3,2,2,2,8,9,9,9
"GP","F",15,"U","GT3","T",4,4,"teacher","services","course","mother",2.5212965044193,5.26845437590964,0,"no","yes","yes","yes","yes","yes","yes","no",4,2,2,1,1,5,2,9,11,11
"GP","F",16,"U","LE3","T",1,1,"at_home","at_home","course","mother",13.0754781947471,1.06968451244757,0,"no","no","no","no","yes","yes","yes","no",3,4,4,3,3,1,2,14,14,13
"GP","M",17,"U","GT3","T",2,1,"other","other","home","mother",11.1856160997413,1.06322172097862,3,"no","yes","no","no","yes","yes","yes","no",5,4,5,1,2,5,0,5,0,0
"GP","F",15,"U","GT3","T",1,1,"other","services","course","father",14.8193144025281,3.1284153056331,0,"no","yes","yes","no","yes","yes","yes","no",4,4,2,1,2,5,0,8,11,11
"GP","F",15,"U","GT3","T",3,2,"health","services","home","father",10.5148364305496,3.38329456420615,3,"no","yes","no","no","yes","yes","yes","no",3,3,2,1,1,3,0,6,7,0
"GP","F",15,"U","GT3","T",1,2,"at_home","other","course","mother",3.09758202219382,4.3838318285998,0,"no","yes","yes","no","no","yes","yes","no",4,3,2,1,1,5,2,10,11,11
"GP","M",16,"U","GT3","T",4,4,"teacher","teacher","course","mother",13.3442988996394,1.18664933205582,0,"no","yes","no","no","yes","no","yes","yes",3,3,2,2,1,5,0,7,6,0
"GP","M",15,"U","LE3","A",2,1,"services","other","course","mother",75.5191519623622,1.08343796595,3,"no","no","no","no","yes","yes","yes","no",4,5,5,2,5,5,0,8,9,10
"GP","M",18,"U","LE3","T",1,1,"other","other","course","mother",8.34181005693972,1.77084868680686,3,"no","no","no","no","yes","no","yes","yes",2,3,5,2,5,4,0,6,5,0
"GP","M",16,"U","LE3","T",2,1,"at_home","other","course","mother",2.40930305095389,1.71782863955013,1,"no","no","no","yes","yes","yes","no","yes",4,4,4,3,5,5,6,12,13,14
"GP","F",15,"R","GT3","T",3,3,"services","services","reputation","other",19.7217263840139,9.15851192548871,2,"no","yes","yes","yes","yes","yes","yes","yes",4,2,1,2,3,3,8,10,10,10
"GP","M",19,"U","GT3","T",3,2,"services","at_home","home","mother",3.64711216278374,1.60307327774353,3,"no","yes","no","no","yes","no","yes","yes",4,5,4,1,1,4,0,5,0,0
"GP","F",17,"U","GT3","T",4,4,"other","teacher","course","mother",7.1134458896704,1.24344060523435,0,"yes","yes","no","no","yes","yes","no","yes",4,2,1,1,1,4,0,11,11,12
"GP","M",15,"R","GT3","T",2,3,"at_home","services","course","mother",2.20147139020264,3.3709467551671,0,"yes","no","yes","yes","yes","yes","no","no",4,4,4,1,1,1,2,11,8,8
"GP","M",17,"R","LE3","T",1,2,"other","other","reputation","mother",14.0902778776363,1.24745383136906,0,"no","no","no","no","yes","yes","no","no",2,2,2,3,3,5,8,16,12,13
"GP","F",18,"R","GT3","T",1,1,"at_home","other","course","mother",59.3663378432393,1.74523236812092,3,"no","yes","no","yes","no","yes","no","no",5,2,5,1,5,4,6,9,8,10
"GP","M",16,"R","GT3","T",2,2,"at_home","other","course","mother",54.8562500055414,1.06407425529324,0,"no","no","no","no","no","yes","no","no",4,2,2,1,2,3,2,17,15,15
"GP","M",16,"U","GT3","T",3,3,"other","services","course","father",5.04098079865798,3.03687073173933,1,"no","yes","yes","no","yes","yes","yes","yes",4,5,5,4,4,5,4,10,12,12
"GP","M",17,"R","LE3","T",2,1,"at_home","other","course","mother",19.1679898020811,1.69923594081774,2,"no","no","no","yes","yes","no","yes","yes",3,3,2,2,2,5,0,7,6,0
"GP","M",15,"R","GT3","T",3,2,"other","other","course","mother",15.0704550056253,3.56856853119098,2,"yes","yes","no","no","yes","yes","yes","yes",4,4,4,1,4,3,6,5,9,7
"GP","M",16,"U","LE3","T",1,2,"other","other","course","mother",28.2290369155817,1.11907831416465,1,"no","no","no","yes","yes","yes","no","no",4,4,4,2,4,5,0,7,0,0
"GP","M",17,"U","GT3","T",1,3,"at_home","services","course","father",3.36299678636715,1.37885674741119,0,"no","no","no","no","yes","no","yes","no",5,3,3,1,4,2,2,10,10,10
"GP","M",17,"R","LE3","T",1,1,"other","services","course","mother",96.534191952087,3.68960866751149,3,"no","no","no","yes","yes","no","no","yes",5,3,5,1,5,5,0,5,8,7
"GP","M",16,"U","GT3","T",3,2,"services","services","course","mother",19.9929569091182,1.63464598194696,1,"no","yes","no","yes","no","no","no","no",4,5,2,1,1,2,16,12,11,12
"GP","M",16,"U","GT3","T",2,2,"other","other","course","father",2.02119583124295,4.3590963112656,0,"no","no","no","no","yes","no","yes","no",4,3,5,2,4,4,4,10,10,10
"GP","F",16,"U","GT3","T",4,2,"health","services","home","father",4.67676513735205,2.6267900718376,0,"no","no","yes","no","yes","yes","yes","yes",4,2,3,1,1,3,0,14,15,16
"GP","F",16,"U","GT3","T",2,2,"other","other","home","mother",3.44078408740461,4.02434360631742,0,"no","yes","yes","no","no","yes","yes","no",5,1,5,1,1,4,0,6,7,0
"GP","F",16,"U","GT3","T",4,4,"health","health","reputation","mother",10.0594374979846,2.76240386511199,0,"no","yes","yes","no","yes","yes","yes","yes",4,4,2,1,1,3,0,14,14,14
"GP","M",16,"U","GT3","T",3,4,"other","other","course","father",55.4834649700206,1.40241979714483,2,"no","yes","no","yes","no","yes","yes","no",3,4,5,2,4,2,0,6,5,0
"GP","M",16,"U","GT3","T",1,0,"other","other","reputation","mother",21.4809991477523,2.7934878023807,0,"no","yes","yes","yes","yes","yes","yes","yes",4,3,2,1,1,3,2,13,15,16
"GP","M",17,"U","LE3","T",4,4,"teacher","other","reputation","mother",12.1518606618047,4.97276092832908,0,"no","yes","yes","yes","yes","yes","yes","no",4,4,4,1,3,5,0,13,11,10
"GP","F",16,"U","GT3","T",1,3,"at_home","services","home","mother",11.9189682039432,2.15452638501301,3,"no","no","no","yes","no","yes","yes","yes",4,3,5,1,1,3,0,8,7,0
"GP","F",16,"U","LE3","T",3,3,"other","other","reputation","mother",25.3339083690662,2.59047629288398,0,"no","yes","yes","yes","yes","yes","yes","no",4,4,5,1,1,4,4,10,11,9
"GP","M",17,"U","LE3","T",4,3,"teacher","other","course","mother",26.6868680447806,4.51674716453999,0,"no","no","yes","yes","yes","yes","yes","no",4,4,4,4,4,4,4,10,9,9
"GP","F",16,"U","GT3","T",2,2,"services","other","reputation","mother",21.9806945405435,3.40517325652763,0,"no","no","yes","yes","no","yes","yes","no",3,4,4,1,4,5,2,13,13,11
"GP","M",17,"U","GT3","T",3,3,"other","other","reputation","father",14.4721805565059,4.41873653559014,0,"no","no","no","yes","no","yes","yes","no",4,3,4,1,4,4,4,6,5,6
"GP","M",16,"R","GT3","T",4,2,"teacher","services","other","mother",5.66070859506726,1.75652022799477,0,"no","yes","no","yes","yes","yes","yes","yes",4,3,3,3,4,3,10,10,8,9
"GP","M",17,"U","GT3","T",4,3,"other","other","course","mother",4.19401857256889,4.55682611605152,0,"no","yes","no","yes","yes","yes","yes","yes",5,2,3,1,1,2,4,10,10,11
"GP","M",16,"U","GT3","T",4,3,"teacher","other","home","mother",1.52914611902088,4.81455392180942,0,"no","yes","yes","yes","yes","yes","yes","no",3,4,3,2,3,3,10,9,8,8
"GP","M",16,"U","GT3","T",3,3,"services","other","home","mother",2.15480616642162,3.39131031930447,0,"no","no","yes","yes","yes","yes","yes","yes",4,2,3,1,2,3,2,12,13,12
"GP","F",17,"U","GT3","T",2,4,"services","services","reputation","father",11.3554314211942,3.80682192230597,0,"no","yes","no","yes","yes","yes","no","no",5,4,2,2,3,5,0,16,17,17
"GP","F",17,"U","LE3","T",3,3,"other","other","reputation","mother",10.9907989120111,4.47180890175514,0,"no","yes","no","yes","yes","yes","yes","yes",5,3,3,2,3,1,56,9,9,8
"GP","F",16,"U","GT3","T",3,2,"other","other","reputation","mother",5.16722239367664,2.19030755967833,0,"no","yes","yes","no","yes","yes","yes","no",1,2,2,1,2,1,14,12,13,12
"GP","M",17,"U","GT3","T",3,3,"services","services","other","mother",4.67697079386562,3.99297190434299,0,"no","yes","no","yes","yes","yes","yes","yes",4,3,4,2,3,4,12,12,12,11
"GP","M",16,"U","GT3","T",1,2,"services","services","other","mother",5.84177022008225,1.69992163265124,0,"no","yes","yes","yes","yes","yes","yes","yes",3,3,3,1,2,3,2,11,12,11
"GP","M",16,"U","LE3","T",2,1,"other","other","course","mother",7.12579248426482,2.86303499899805,0,"no","no","yes","yes","yes","yes","yes","yes",4,2,3,1,2,5,0,15,15,15
"GP","F",17,"U","GT3","A",3,3,"health","other","reputation","mother",14.6992760738358,2.97348313243128,0,"no","yes","no","no","no","yes","yes","yes",3,3,3,1,3,3,6,8,7,9
"GP","M",17,"R","GT3","T",1,2,"at_home","other","home","mother",3.55440977727994,3.5931472433731,0,"no","no","no","no","yes","yes","no","no",3,1,3,1,5,3,4,8,9,10
"GP","F",16,"U","GT3","T",2,3,"services","services","course","mother",10.4973797122948,2.50798446917906,0,"no","no","no","no","yes","yes","yes","no",4,3,3,1,1,2,10,11,12,13
"GP","F",17,"U","GT3","T",1,1,"at_home","services","course","mother",1.72646980173886,3.73643300728872,0,"no","no","no","yes","yes","yes","yes","no",5,3,3,1,1,3,0,8,8,9
"GP","M",17,"U","GT3","T",1,2,"at_home","services","other","other",15.2487996581476,3.34598916489631,0,"no","no","yes","yes","no","yes","yes","no",4,4,4,4,5,5,12,7,8,8
"GP","M",16,"R","GT3","T",3,3,"services","services","reputation","mother",8.41179061168805,1.65305104246363,0,"no","yes","no","yes","yes","yes","yes","no",4,3,2,3,4,5,8,8,9,10
"GP","M",16,"U","GT3","T",2,3,"other","other","home","father",24.9782848230097,1.6900952977594,0,"no","no","no","no","yes","yes","yes","no",5,3,3,1,1,3,0,13,14,14
"GP","F",17,"U","LE3","T",2,4,"services","services","course","father",13.6596637526527,4.35797334858216,0,"no","no","no","yes","yes","yes","yes","yes",4,3,2,1,1,5,0,14,15,15
"GP","M",17,"U","GT3","T",4,4,"services","teacher","home","mother",11.5083902687766,1.58649561484344,0,"no","no","no","no","yes","yes","yes","no",5,2,3,1,2,5,4,17,15,16
"GP","M",16,"R","LE3","T",3,3,"teacher","other","home","father",50.7039823173545,1.6362992641516,0,"no","yes","yes","yes","yes","yes","yes","no",3,3,4,3,5,3,8,9,9,10
"GP","F",17,"U","GT3","T",4,4,"services","teacher","home","mother",20.1760259270668,1.74920484679751,1,"no","yes","no","no","yes","yes","yes","no",4,2,4,2,3,2,24,18,18,18
"GP","F",16,"U","LE3","T",4,4,"teacher","teacher","reputation","mother",11.9385890909471,4.60075089917518,0,"no","yes","yes","no","yes","yes","yes","no",4,5,2,1,2,3,0,9,9,10
"GP","F",16,"U","GT3","T",4,3,"health","other","home","mother",5.54239420918748,2.00982718914747,0,"no","yes","no","yes","yes","yes","yes","no",4,3,5,1,5,2,2,16,16,16
"GP","F",16,"U","GT3","T",2,3,"other","other","reputation","mother",3.77233598101884,4.53223728551529,0,"yes","yes","yes","yes","yes","yes","no","no",4,4,3,1,3,4,6,8,10,10
"GP","F",17,"U","GT3","T",1,1,"other","other","course","mother",4.75488357432187,3.55019222479314,0,"no","yes","yes","no","no","yes","no","no",4,4,4,1,3,1,4,9,9,10
"GP","F",17,"R","GT3","T",2,2,"other","other","reputation","mother",14.1606206945144,1.77994566434063,0,"no","yes","no","no","yes","yes","yes","no",5,3,2,1,2,3,18,7,6,6
"GP","F",16,"R","GT3","T",2,2,"services","services","reputation","mother",19.3366192036774,11.5265747811645,0,"no","yes","yes","yes","no","yes","yes","no",5,3,5,1,1,5,6,10,10,11
"GP","F",17,"U","GT3","T",3,4,"at_home","services","home","mother",5.60240043280646,5.27448505163193,1,"no","yes","yes","no","yes","yes","yes","yes",4,4,3,3,4,5,28,10,9,9
"GP","F",16,"U","GT3","A",3,1,"services","other","course","mother",9.34882632596418,3.80796602694318,3,"no","yes","yes","no","yes","yes","yes","no",2,3,3,2,2,4,5,7,7,7
"GP","F",16,"U","GT3","T",4,3,"teacher","other","other","mother",5.17741104867309,4.39542480953969,0,"no","no","yes","yes","yes","yes","yes","yes",1,3,2,1,1,1,10,11,12,13
"GP","F",16,"U","GT3","T",1,1,"at_home","other","home","mother",20.4173519834876,1.44831058965065,0,"no","yes","yes","no","yes","yes","no","no",4,3,2,1,4,5,6,9,9,10
"GP","F",17,"R","GT3","T",4,3,"teacher","other","reputation","mother",24.4655788864475,5.36107012769207,0,"no","yes","yes","yes","yes","yes","yes","yes",4,4,2,1,1,4,6,7,7,7
"GP","F",19,"U","GT3","T",3,3,"other","other","reputation","other",10.3416429469362,14.9476371321362,0,"no","yes","yes","yes","yes","yes","yes","no",4,3,3,1,2,3,10,8,8,8
"GP","M",17,"U","LE3","T",4,4,"services","other","home","mother",14.7748466413468,4.47618071036413,0,"no","yes","yes","no","yes","yes","yes","yes",5,3,5,4,5,3,13,12,12,13
"GP","F",16,"U","GT3","A",2,2,"other","other","reputation","mother",3.37801868887618,4.14382086135447,0,"yes","yes","yes","no","yes","yes","yes","no",3,3,4,1,1,4,0,12,13,14
"GP","M",18,"U","GT3","T",2,2,"services","other","home","mother",2.39476147433743,3.26623784005642,1,"no","yes","yes","yes","yes","yes","yes","no",4,4,4,2,4,5,15,6,7,8
"GP","F",17,"R","LE3","T",4,4,"services","other","other","mother",3.61475611384958,1.2495481367223,0,"no","yes","yes","no","yes","yes","no","no",5,2,1,1,2,3,12,8,10,10
"GP","F",17,"U","LE3","T",3,2,"other","other","reputation","mother",16.9301113765687,3.37159583019093,0,"no","no","yes","no","yes","yes","yes","no",4,4,4,1,3,1,2,14,15,15
"GP","F",17,"U","GT3","T",4,3,"other","other","reputation","mother",3.02530345181003,4.17589081148617,2,"no","no","yes","no","yes","yes","yes","yes",3,4,5,2,4,1,22,6,6,4
"GP","M",18,"U","LE3","T",3,3,"services","health","home","father",1.13955344073474,3.30682182987221,1,"no","yes","yes","no","yes","yes","yes","no",3,2,4,2,4,4,13,6,6,8
"GP","F",17,"U","GT3","T",2,3,"at_home","other","home","father",26.7699506145436,1.32160680764355,0,"no","yes","yes","no","yes","yes","no","no",3,3,3,1,4,3,3,7,7,8
"GP","F",17,"U","GT3","T",2,2,"at_home","at_home","course","mother",7.03354079462588,9.12158309132792,0,"no","yes","yes","yes","yes","yes","yes","no",4,3,3,1,1,4,4,9,10,10
"GP","F",17,"R","GT3","T",2,1,"at_home","services","reputation","mother",25.0287368008867,4.06153473863378,0,"no","yes","no","yes","yes","yes","yes","no",4,2,5,1,2,5,2,6,6,6
"GP","F",17,"U","GT3","T",1,1,"at_home","other","reputation","mother",2.51533853821456,5.68465259275399,1,"no","yes","no","yes","yes","yes","no","yes",4,3,4,1,1,5,0,6,5,0
"GP","F",16,"U","GT3","T",2,3,"services","teacher","other","mother",10.3096497729421,4.02562387916259,0,"yes","no","no","no","yes","yes","yes","no",2,3,1,1,1,3,2,16,16,17
"GP","M",18,"U","GT3","T",2,2,"other","other","home","mother",15.2663696045056,4.90187375037931,0,"no","yes","yes","no","yes","yes","yes","no",3,3,3,5,5,4,0,12,13,13
"GP","F",16,"U","GT3","T",4,4,"teacher","services","home","mother",3.70173432026058,6.73375008744188,0,"no","yes","no","yes","no","yes","yes","no",5,3,2,1,1,5,0,13,13,14
"GP","F",18,"R","GT3","T",3,1,"other","other","reputation","mother",9.66830224590376,3.91435616812669,1,"no","no","no","yes","yes","yes","yes","yes",5,3,3,1,1,4,16,9,8,7
"GP","F",17,"U","GT3","T",3,2,"other","other","course","mother",14.9953570920043,2.75696671870537,0,"no","no","no","yes","no","yes","yes","no",5,3,4,1,3,3,10,16,15,15
"GP","M",17,"U","LE3","T",2,3,"services","services","reputation","father",1.31627797940746,3.80255296942778,0,"no","yes","yes","no","no","yes","yes","no",5,3,3,1,3,3,2,12,11,12
"GP","M",18,"U","LE3","T",2,1,"at_home","other","course","mother",111.534468163736,4.89345182012767,0,"yes","yes","yes","yes","yes","yes","yes","yes",4,3,2,4,5,3,14,10,8,9
"GP","F",17,"U","GT3","A",2,1,"other","other","course","mother",18.7270055653062,7.98325579497032,0,"no","no","no","yes","yes","yes","yes","yes",3,2,3,1,2,3,10,12,10,12
"GP","F",17,"U","LE3","T",4,3,"health","other","reputation","father",10.7505844049156,4.47490692860447,0,"no","no","no","yes","yes","yes","yes","yes",3,2,3,1,2,3,14,13,13,14
"GP","M",17,"R","GT3","T",2,2,"other","other","course","father",28.9129778731149,4.38213755330071,0,"no","yes","yes","yes","yes","yes","yes","no",4,5,2,1,1,1,4,11,11,11
"GP","M",17,"U","GT3","T",4,4,"teacher","teacher","reputation","mother",10.6687454502098,3.63100628694519,0,"yes","yes","no","yes","yes","yes","yes","yes",4,5,5,1,3,2,14,11,9,9
"GP","M",16,"U","GT3","T",4,4,"health","other","reputation","father",1.75563190644607,4.79188611032441,0,"no","yes","yes","yes","yes","yes","yes","no",4,2,4,2,4,1,2,14,13,13
"GP","M",16,"U","LE3","T",1,1,"other","other","home","mother",25.7116431836039,3.73653571563773,0,"no","yes","yes","no","yes","yes","yes","no",3,4,2,1,1,5,18,9,7,6
"GP","M",16,"U","GT3","T",3,2,"at_home","other","reputation","mother",20.7682832842693,9.18095558998175,0,"no","no","no","yes","yes","yes","yes","yes",5,3,3,1,3,2,10,11,9,10
"GP","M",17,"U","LE3","T",2,2,"other","other","home","father",6.84475475177169,4.69044469576329,0,"no","no","yes","yes","no","yes","yes","yes",4,4,2,5,5,4,4,14,13,13
"GP","F",16,"U","GT3","T",2,1,"other","other","home","mother",1.40530695859343,1.93416506238282,0,"no","no","no","no","yes","yes","yes","yes",4,5,2,1,1,5,20,13,12,12
"GP","F",17,"R","GT3","T",2,1,"at_home","services","course","mother",48.111229139613,2.58874338539317,0,"no","no","no","yes","yes","yes","no","no",2,1,1,1,1,3,2,13,11,11
"GP","M",18,"U","GT3","T",2,2,"other","services","reputation","father",4.48303068429232,4.23310791701078,1,"no","no","no","no","yes","no","yes","no",5,5,4,3,5,2,0,7,7,0
"GP","M",17,"U","LE3","T",4,3,"health","other","course","mother",17.6401248935144,3.05042270943522,0,"no","no","no","yes","yes","yes","yes","yes",2,5,5,1,4,5,14,12,12,12
"GP","M",17,"R","LE3","A",4,4,"teacher","other","course","mother",16.800768946996,2.20717572420835,0,"no","yes","yes","no","yes","yes","yes","no",3,3,3,2,3,4,2,10,11,12
"GP","M",16,"U","LE3","T",4,3,"teacher","other","course","mother",2.29073952510953,1.50800363649614,0,"no","no","no","yes","no","yes","yes","no",5,4,5,1,1,3,0,6,0,0
"GP","M",16,"U","GT3","T",4,4,"services","services","course","mother",4.45130202593282,1.63684396981262,0,"no","no","no","yes","yes","yes","yes","no",5,3,2,1,2,5,0,13,12,12
"GP","F",18,"U","GT3","T",2,1,"other","other","course","other",28.9308835600968,9.60549515206367,0,"no","yes","yes","no","no","yes","yes","yes",4,4,4,1,1,3,0,7,0,0
"GP","M",16,"U","GT3","T",2,1,"other","other","course","mother",54.2240523523651,1.58912160550244,0,"no","no","no","no","yes","yes","yes","no",4,3,3,1,1,4,6,18,18,18
"GP","M",17,"U","GT3","T",2,3,"other","other","course","father",21.9806950225029,1.53785412246361,0,"no","no","no","no","yes","yes","yes","no",5,2,2,1,1,2,4,12,12,13
"GP","M",22,"U","GT3","T",3,1,"services","services","other","mother",4.20846578618512,1.62100366689265,3,"no","no","no","no","no","no","yes","yes",5,4,5,5,5,1,16,6,8,8
"GP","M",18,"R","LE3","T",3,3,"other","services","course","mother",2.74112936621532,3.77671065321192,1,"no","yes","no","no","yes","yes","yes","yes",4,3,3,1,3,5,8,3,5,5
"GP","M",16,"U","GT3","T",0,2,"other","other","other","mother",8.98461760114878,1.04838223801926,0,"no","no","yes","no","no","yes","yes","no",4,3,2,2,4,5,0,13,15,15
"GP","M",18,"U","GT3","T",3,2,"services","other","course","mother",19.289277222706,1.5677126320079,1,"no","no","no","no","yes","no","yes","no",4,4,5,2,4,5,0,6,8,8
"GP","M",16,"U","GT3","T",3,3,"at_home","other","reputation","other",56.3661095523275,4.40378020144999,0,"yes","yes","no","no","no","yes","yes","no",5,3,3,1,3,2,6,7,10,10
"GP","M",18,"U","GT3","T",2,1,"services","services","other","mother",10.410658811219,1.3656529027503,1,"no","no","no","no","no","no","yes","no",3,2,5,2,5,5,4,6,9,8
"GP","M",16,"R","GT3","T",2,1,"other","other","course","mother",28.2429415883962,1.36749947885983,0,"no","no","no","yes","no","yes","no","no",3,3,2,1,3,3,0,8,9,8
"GP","M",17,"R","GT3","T",2,1,"other","other","course","mother",7.70848450623453,1.05002275016159,0,"no","no","no","no","no","yes","yes","no",4,4,2,2,4,5,0,8,12,12
"GP","M",17,"U","LE3","T",1,1,"health","other","course","mother",20.6715452251956,1.89784349338152,1,"no","yes","no","yes","yes","yes","yes","no",4,4,4,1,2,5,2,7,9,8
"GP","F",17,"U","LE3","T",4,2,"teacher","services","reputation","mother",9.29271177016199,11.3891583646182,0,"no","yes","yes","yes","yes","yes","yes","no",4,2,3,1,1,4,6,14,12,13
"GP","M",19,"U","LE3","A",4,3,"services","at_home","reputation","mother",9.62584357662126,2.4558349554427,0,"no","yes","no","no","yes","yes","yes","no",4,3,1,1,1,1,12,11,11,11
"GP","M",18,"U","GT3","T",2,1,"other","other","home","mother",11.1061317315325,2.24269487219863,0,"no","no","no","yes","yes","yes","yes","no",5,2,4,1,2,4,8,15,14,14
"GP","F",17,"U","LE3","T",2,2,"services","services","course","father",3.17019153945148,13.7498279777355,0,"no","no","yes","yes","yes","yes","yes","yes",3,4,1,1,1,2,0,10,9,0
"GP","F",18,"U","GT3","T",4,3,"services","other","home","father",10.0614857575856,4.932794731576,0,"no","yes","yes","no","yes","yes","yes","yes",3,1,2,1,3,2,21,17,18,18
"GP","M",18,"U","GT3","T",4,3,"teacher","other","course","mother",3.06166689516976,3.20028066425584,0,"no","yes","yes","no","no","yes","yes","no",4,3,2,1,1,3,2,8,8,8
"GP","M",18,"R","GT3","T",3,2,"other","other","course","mother",8.7263953583315,6.90355773665942,0,"no","no","no","yes","no","yes","no","no",5,3,2,1,1,3,1,13,12,12
"GP","F",17,"U","GT3","T",3,3,"other","other","home","mother",1.84633893612772,7.96106259105727,0,"no","no","no","yes","no","yes","no","no",3,2,3,1,1,4,4,10,9,9
"GP","F",18,"U","GT3","T",2,2,"at_home","services","home","mother",6.20782559970394,9.28845862392336,0,"no","yes","yes","yes","yes","yes","yes","yes",4,3,3,1,1,3,0,9,10,0
"GP","M",18,"R","LE3","A",3,4,"other","other","reputation","mother",23.6669233767316,4.74783115833998,0,"no","yes","yes","yes","yes","yes","yes","no",4,2,5,3,4,1,13,17,17,17
"GP","M",17,"U","GT3","T",3,1,"services","other","other","mother",7.31900066370144,4.13898023893125,0,"no","no","yes","yes","yes","yes","yes","yes",5,4,4,3,4,5,2,9,9,10
"GP","F",18,"R","GT3","T",4,4,"teacher","other","reputation","mother",22.6980629609898,4.71631750743836,0,"no","no","yes","yes","yes","yes","yes","no",4,3,4,2,2,4,8,12,10,11
"GP","M",18,"U","GT3","T",4,2,"health","other","reputation","father",1.18868368398398,4.87842316483147,0,"no","yes","yes","yes","yes","yes","yes","yes",5,4,5,1,3,5,10,10,9,10
"GP","F",18,"R","GT3","T",2,1,"other","other","reputation","mother",29.7125423303805,4.50257292273454,0,"no","yes","no","no","yes","no","yes","yes",4,3,5,1,2,3,0,6,0,0
"GP","F",19,"U","GT3","T",3,3,"other","services","home","other",1.25769696664065,3.67576191783883,2,"no","yes","yes","yes","yes","yes","yes","no",4,3,5,3,3,5,15,9,9,9
"GP","F",18,"U","GT3","T",2,3,"other","services","reputation","father",12.2475033598021,10.5415009497665,0,"no","yes","yes","yes","yes","yes","yes","yes",4,5,5,1,3,2,4,15,14,14
"GP","F",18,"U","LE3","T",1,1,"other","other","home","mother",16.9372039439622,4.23053546762094,0,"no","yes","yes","no","no","yes","no","no",4,4,3,1,1,3,2,11,11,11
"GP","M",17,"R","GT3","T",1,2,"at_home","at_home","home","mother",11.9238630095497,2.8305014912039,0,"no","yes","yes","yes","no","yes","no","yes",3,5,2,2,2,1,2,15,14,14
"GP","F",17,"U","GT3","T",2,4,"at_home","health","reputation","mother",26.8296675744932,3.5715753629338,0,"no","yes","yes","no","yes","yes","yes","yes",4,3,3,1,1,1,2,10,10,10
"GP","F",17,"U","LE3","T",2,2,"services","other","course","mother",19.1641245468054,4.91366709652357,0,"yes","yes","yes","no","yes","yes","yes","yes",4,4,4,2,3,5,6,12,12,12
"GP","F",18,"R","GT3","A",3,2,"other","services","home","mother",18.4556219028309,4.89641687087715,0,"no","no","no","no","no","no","yes","yes",4,1,1,1,1,5,75,10,9,9
"GP","M",18,"U","GT3","T",4,4,"teacher","services","home","mother",29.5677080168389,1.97196400910616,0,"no","no","yes","yes","yes","yes","yes","no",3,2,4,1,4,3,22,9,9,9
"GP","F",18,"U","GT3","T",4,4,"health","health","reputation","father",4.49419078370556,4.01879320992157,1,"yes","yes","no","yes","yes","yes","yes","yes",2,4,4,1,1,4,15,9,8,8
"GP","M",18,"U","LE3","T",4,3,"teacher","services","course","mother",17.720938908169,1.76547486940399,0,"no","no","yes","yes","yes","yes","yes","no",4,2,3,1,2,1,8,10,11,10
"GP","M",17,"U","LE3","A",4,1,"services","other","home","mother",22.9422459576745,1.29211032902822,0,"no","no","yes","yes","yes","yes","yes","yes",4,5,4,2,4,5,30,8,8,8
"GP","M",17,"U","LE3","A",3,2,"teacher","services","home","mother",5.24253652943298,1.6778455064632,1,"no","no","no","no","yes","yes","yes","no",4,4,4,3,4,3,19,11,9,10
"GP","F",18,"R","LE3","T",1,1,"at_home","other","reputation","mother",23.0744948994834,13.7500867177732,0,"no","yes","yes","yes","yes","yes","no","no",5,2,2,1,1,3,1,12,12,12
"GP","F",18,"U","GT3","T",1,1,"other","other","home","mother",24.9688138347119,2.66974075837061,0,"yes","no","no","yes","yes","yes","yes","no",5,4,4,1,1,4,4,8,9,10
"GP","F",17,"U","GT3","T",2,2,"other","other","course","mother",8.59247252251953,4.09222338045947,0,"no","yes","no","no","no","yes","yes","no",5,4,5,1,2,5,4,10,9,11
"GP","M",17,"U","GT3","T",1,1,"other","other","reputation","father",13.8519471362233,4.73097541369498,0,"no","no","yes","no","no","yes","yes","no",4,3,3,1,2,4,2,12,10,11
"GP","F",18,"U","GT3","T",2,2,"at_home","at_home","other","mother",4.16820802818984,6.02213624981232,0,"no","yes","yes","no","yes","yes","yes","no",4,3,3,1,2,2,5,18,18,19
"GP","F",17,"U","GT3","T",1,1,"services","teacher","reputation","mother",8.20524590788409,9.1081622755155,0,"no","yes","yes","no","yes","yes","yes","no",4,3,3,1,1,3,6,13,12,12
"GP","M",18,"U","GT3","T",2,1,"services","services","reputation","mother",11.7752135870978,9.30737706483342,0,"no","no","yes","yes","yes","yes","yes","no",4,2,4,1,3,2,6,15,14,14
"GP","M",18,"U","LE3","A",4,4,"teacher","teacher","reputation","mother",6.62207993678749,4.7036373866722,0,"no","yes","yes","yes","yes","yes","yes","no",5,4,3,1,1,2,9,15,13,15
"GP","M",18,"U","GT3","T",4,2,"teacher","other","home","mother",14.5812324588187,4.7786492803134,0,"no","yes","yes","yes","yes","yes","yes","yes",4,3,2,1,4,5,11,12,11,11
"GP","F",17,"U","GT3","T",4,3,"health","services","reputation","mother",1.80371683230624,8.58775602187961,0,"no","yes","yes","no","yes","yes","yes","no",4,2,2,1,2,3,0,15,15,15
"GP","F",18,"U","LE3","T",2,1,"services","at_home","reputation","mother",11.346882046666,2.77791144349612,1,"no","no","no","no","yes","yes","yes","yes",5,4,3,1,1,5,12,12,12,13
"GP","F",17,"R","LE3","T",3,1,"services","other","reputation","mother",17.462480381364,11.0409148025792,0,"no","yes","yes","no","yes","yes","no","no",3,1,2,1,1,3,6,18,18,18
"GP","M",18,"R","LE3","T",3,2,"services","other","reputation","mother",18.0236304178834,7.08048841450363,0,"no","yes","yes","yes","yes","yes","yes","no",5,4,2,1,1,4,8,14,13,14
"GP","M",17,"U","GT3","T",3,3,"health","other","home","mother",10.3940971544944,1.30980759649538,0,"no","yes","yes","no","yes","yes","yes","no",4,4,3,1,3,5,4,14,12,11
"GP","F",19,"U","GT3","T",4,4,"health","other","reputation","other",18.3794794231653,4.67816869658418,0,"no","yes","yes","yes","yes","yes","yes","no",2,3,4,2,3,2,0,10,9,0
"GP","F",18,"U","LE3","T",4,3,"other","other","home","other",24.4481938309036,2.6179567668587,0,"no","yes","yes","no","yes","yes","yes","yes",4,4,5,1,2,2,10,10,8,8
"GP","F",18,"U","GT3","T",4,3,"other","other","reputation","father",3.11394087458029,12.4049472890329,0,"no","yes","yes","no","yes","yes","yes","no",4,3,3,1,1,3,0,14,13,14
"GP","M",18,"U","LE3","T",4,4,"teacher","teacher","home","mother",1.83897676086053,1.46404961426742,0,"no","yes","yes","no","yes","yes","yes","yes",1,4,2,2,2,1,5,16,15,16
"GP","F",18,"U","LE3","A",4,4,"health","other","home","mother",9.68107449263334,2.5420386986807,0,"no","yes","no","no","yes","yes","yes","yes",4,2,4,1,1,4,14,12,10,11
"GP","M",17,"U","LE3","T",4,4,"other","teacher","home","father",21.8741574289743,1.13978945324197,0,"no","no","yes","no","yes","yes","yes","no",4,1,1,2,2,5,0,11,11,10
"GP","F",17,"U","GT3","T",4,2,"other","other","reputation","mother",18.2791530329268,5.31474606716074,0,"no","yes","yes","no","yes","yes","yes","no",4,3,3,1,1,3,0,15,12,14
"GP","F",17,"U","GT3","T",3,2,"health","health","reputation","father",3.55241282749921,13.8674480316695,0,"no","yes","yes","yes","no","yes","yes","no",5,2,2,1,2,5,0,17,17,18
"GP","M",19,"U","GT3","T",3,3,"other","other","home","other",9.04762553237379,4.27754140552133,1,"no","yes","no","yes","yes","yes","yes","yes",4,4,4,1,1,3,20,15,14,13
"GP","F",18,"U","GT3","T",2,4,"services","at_home","reputation","other",11.6116731329821,2.15490808920003,1,"no","yes","yes","yes","yes","yes","yes","no",4,4,3,1,1,3,8,14,12,12
"GP","M",20,"U","GT3","A",3,2,"services","other","course","other",10.6955966963433,1.19775944156572,0,"no","no","no","yes","yes","yes","no","no",5,5,3,1,1,5,0,17,18,18
"GP","M",19,"U","GT3","T",4,4,"teacher","services","reputation","other",21.4881244150456,1.0239629058633,1,"no","yes","yes","no","yes","yes","yes","yes",4,3,4,1,1,4,38,8,9,8
"GP","M",19,"R","GT3","T",3,3,"other","services","reputation","father",13.7465978106484,4.23118077777326,1,"no","no","no","yes","yes","yes","no","yes",4,5,3,1,2,5,0,15,12,12
"GP","F",19,"U","LE3","T",1,1,"at_home","other","reputation","other",10.0851107467897,3.88014854909852,1,"yes","yes","no","yes","no","yes","yes","no",4,4,3,1,3,3,18,12,10,10
"GP","F",19,"U","LE3","T",1,2,"services","services","home","other",12.1871945937164,2.36022889614105,1,"no","no","no","yes","no","yes","no","yes",4,2,4,2,2,3,0,9,9,0
"GP","F",19,"U","GT3","T",2,1,"at_home","other","other","other",56.9213852542453,2.025667962851,0,"no","yes","no","no","yes","no","yes","yes",3,4,1,1,1,2,20,14,12,13
"GP","M",19,"U","GT3","T",1,2,"other","services","course","other",13.3408471643925,3.80074696196243,1,"no","no","no","no","no","yes","yes","no",4,5,2,2,2,4,3,13,11,11
"GP","F",19,"U","LE3","T",3,2,"services","other","reputation","other",18.1644338427577,2.77244313247502,1,"no","yes","yes","no","no","yes","yes","yes",4,2,2,1,2,1,22,13,10,11
"GP","F",19,"U","GT3","T",1,1,"at_home","health","home","other",14.1243934254162,7.12068129796535,2,"no","no","no","no","no","yes","yes","yes",4,1,2,1,1,3,14,15,13,13
"GP","F",19,"R","GT3","T",2,3,"other","other","reputation","other",2.57442580396309,6.77573567721993,1,"no","no","no","no","yes","yes","yes","yes",4,1,2,1,1,3,40,13,11,11
"GP","F",18,"U","GT3","T",2,1,"services","other","course","mother",27.9871958226431,3.74796964717098,0,"no","yes","yes","yes","yes","yes","yes","no",5,3,3,1,2,1,0,8,8,0
"GP","F",18,"U","GT3","T",4,3,"other","other","course","mother",1.13699131365865,8.44374466105364,0,"no","yes","yes","yes","yes","yes","yes","yes",4,3,4,1,1,5,9,9,10,9
"GP","F",17,"R","GT3","T",3,4,"at_home","services","course","father",5.67924167541787,5.42080654879101,0,"no","yes","yes","yes","no","yes","yes","no",4,3,4,2,5,5,0,11,11,10
"GP","F",18,"U","GT3","T",4,4,"teacher","other","course","mother",10.502364825923,2.96208707313053,0,"no","yes","yes","no","yes","yes","yes","no",4,4,4,3,3,5,2,11,11,11
"GP","F",17,"U","GT3","A",4,3,"services","services","course","mother",4.91603851784021,2.10050155315548,0,"no","yes","yes","no","yes","yes","yes","yes",5,2,2,1,2,5,23,13,13,13
"GP","F",17,"U","GT3","T",2,2,"other","other","course","mother",8.91375844273716,4.81092755915597,0,"no","yes","no","no","yes","yes","no","yes",4,2,2,1,1,3,12,11,9,9
"GP","F",17,"R","LE3","T",2,2,"services","services","course","mother",4.41759475320578,8.43839685665444,0,"no","yes","yes","yes","yes","yes","yes","no",3,3,2,2,2,3,3,11,11,11
"GP","F",17,"U","GT3","T",3,1,"services","services","course","father",12.5294826817699,9.87477542134002,0,"no","yes","no","no","no","yes","yes","no",3,4,3,2,3,5,1,12,14,15
"GP","F",17,"U","LE3","T",0,2,"at_home","at_home","home","father",22.7180556615349,5.15847526607104,0,"no","no","no","no","yes","yes","yes","no",3,3,3,2,3,2,0,16,15,15
"GP","M",18,"U","GT3","T",4,4,"other","other","course","mother",1.53379514208063,7.73498586029746,0,"no","no","no","yes","yes","yes","yes","no",4,3,3,2,2,3,3,9,12,11
"GP","M",17,"U","GT3","T",3,3,"other","services","reputation","mother",7.89548312826082,1.52629287634045,0,"no","no","no","yes","no","yes","yes","no",4,3,5,3,5,5,3,14,15,16
"GP","M",17,"R","GT3","T",2,2,"services","other","course","mother",112.46536473278,1.02371839014813,0,"no","yes","no","no","yes","yes","yes","no",4,4,5,5,5,4,8,11,10,10
"GP","F",17,"U","GT3","T",4,4,"teacher","services","course","mother",10.9958726516925,8.71228672913276,0,"no","yes","yes","yes","yes","yes","yes","no",5,4,4,1,3,4,7,10,9,9
"GP","F",17,"U","GT3","T",4,4,"teacher","teacher","course","mother",16.1977522470988,6.99494194122963,0,"no","yes","yes","no","no","yes","yes","yes",4,3,3,1,2,4,4,14,14,14
"GP","M",18,"U","LE3","T",2,2,"other","other","course","mother",4.93150755995885,11.1872121447232,0,"no","yes","no","yes","yes","yes","yes","no",4,5,5,2,4,5,2,9,8,8
"GP","F",17,"R","GT3","T",2,4,"at_home","other","course","father",2.16021546209231,9.7718483558856,0,"no","yes","no","no","yes","yes","yes","yes",4,4,3,1,1,5,7,12,14,14
"GP","F",18,"U","GT3","T",3,3,"services","services","home","mother",11.699781622272,4.40790521679446,0,"no","no","no","yes","yes","yes","yes","no",5,3,4,1,1,4,0,7,0,0
"GP","F",18,"U","LE3","T",2,2,"other","other","home","other",3.17507104761899,4.84489763714373,0,"no","no","no","yes","no","yes","yes","yes",4,3,3,1,1,2,0,8,8,0
"GP","F",18,"R","GT3","T",2,2,"at_home","other","course","mother",27.1133521373849,14.9192352546379,0,"no","no","no","yes","yes","yes","no","no",4,4,4,1,1,4,0,10,9,0
"GP","F",17,"U","GT3","T",3,4,"services","other","course","mother",5.70085867773741,9.46373821469024,0,"no","no","no","no","yes","yes","yes","no",4,4,5,1,3,5,16,16,15,15
"GP","F",19,"R","GT3","A",3,1,"services","at_home","home","other",9.37739155674353,5.06560898036696,1,"no","no","yes","no","yes","yes","no","no",5,4,3,1,2,5,12,14,13,13
"GP","F",17,"U","GT3","T",3,2,"other","other","home","mother",8.26471328223124,4.17237141728401,0,"no","yes","yes","no","yes","yes","yes","yes",4,3,2,2,3,2,0,7,8,0
"GP","F",18,"U","LE3","T",3,3,"services","services","home","mother",13.5863570822403,11.1104615207296,0,"no","yes","no","no","yes","yes","yes","no",5,3,3,1,1,1,7,16,15,17
"GP","F",17,"R","GT3","A",3,2,"other","other","home","mother",8.35048930486664,4.9815964307636,0,"no","yes","yes","no","yes","yes","yes","no",4,3,3,2,3,2,4,9,10,10
"GP","F",19,"U","GT3","T",2,1,"services","services","home","other",12.7917233007029,7.07855084910989,1,"no","no","yes","yes","yes","yes","yes","yes",4,3,4,1,3,3,4,11,12,11
"GP","M",18,"U","GT3","T",4,4,"teacher","services","home","father",8.58145566098392,3.37329066009261,1,"no","yes","no","yes","yes","yes","yes","no",4,3,3,2,2,2,0,10,10,0
"GP","M",18,"U","LE3","T",3,4,"services","other","home","mother",13.1047463612631,3.56666847108863,0,"no","no","no","yes","yes","yes","yes","yes",4,3,3,1,3,5,11,16,15,15
"GP","F",17,"U","GT3","A",2,2,"at_home","at_home","home","father",3.34719024877995,2.66316927992739,1,"no","yes","no","no","yes","yes","yes","yes",3,3,1,1,2,4,0,9,8,0
"GP","F",18,"U","GT3","T",2,3,"at_home","other","course","mother",2.17267168778926,5.79484347486869,0,"no","yes","no","no","yes","yes","yes","no",4,3,3,1,2,3,4,11,10,10
"GP","F",18,"U","GT3","T",3,2,"other","services","other","mother",4.50222959928215,6.51771260192618,0,"no","no","no","no","yes","yes","yes","yes",5,4,3,2,3,1,7,13,13,14
"GP","M",18,"R","GT3","T",4,3,"teacher","services","course","mother",4.38577534025535,8.87781655299477,0,"no","no","no","no","yes","yes","yes","yes",5,3,2,1,2,4,9,16,15,16
"GP","M",18,"U","GT3","T",4,3,"teacher","other","course","mother",5.16338072530925,8.65210161195137,0,"no","yes","yes","no","yes","yes","yes","yes",5,4,5,2,3,5,0,10,10,9
"GP","F",17,"U","GT3","T",4,3,"health","other","reputation","mother",11.4378066533245,8.08250508387573,0,"no","yes","yes","yes","yes","yes","yes","yes",4,4,3,1,3,4,0,13,15,15
"MS","M",18,"R","GT3","T",3,2,"other","other","course","mother",26.0567653470207,1.9261390408501,1,"no","yes","no","no","no","yes","yes","no",2,5,5,5,5,5,10,11,13,13
"MS","M",19,"R","GT3","T",1,1,"other","services","home","other",50.781253783498,2.68913825647905,3,"no","no","no","no","yes","yes","yes","no",5,4,4,3,3,2,8,8,7,8
"MS","M",17,"U","GT3","T",3,3,"health","other","course","mother",17.5618485244922,3.42501111188903,0,"no","yes","yes","no","yes","yes","yes","no",4,5,4,2,3,3,2,13,13,13
"MS","M",18,"U","LE3","T",1,3,"at_home","services","course","mother",9.56343516288325,1.99007438146509,1,"no","no","no","no","yes","no","yes","yes",4,3,3,2,3,3,7,8,7,8
"MS","M",19,"R","GT3","T",1,1,"other","other","home","other",53.5648646915797,1.98681596992537,1,"no","yes","no","no","yes","yes","yes","no",4,4,4,3,3,5,4,8,8,8
"MS","M",17,"R","GT3","T",4,3,"services","other","home","mother",20.4466235975269,4.62642726278864,0,"no","yes","yes","yes","no","yes","yes","yes",4,5,5,1,3,2,4,13,11,11
"MS","F",18,"U","GT3","T",3,3,"services","services","course","father",12.8799127754755,2.31992587121204,0,"no","yes","no","no","yes","yes","no","yes",5,3,4,1,1,5,0,10,9,9
"MS","F",17,"R","GT3","T",4,4,"teacher","services","other","father",22.1451497927774,2.58215503767133,0,"no","yes","yes","yes","yes","yes","yes","no",4,3,3,1,2,5,4,12,13,13
"MS","F",17,"U","LE3","A",3,2,"services","other","reputation","mother",22.4794082378503,3.16549986694008,0,"no","no","no","no","yes","yes","no","yes",1,2,3,1,2,5,2,12,12,11
"MS","M",18,"U","LE3","T",1,1,"other","services","home","father",20.2248354116455,1.04239889909513,0,"no","no","no","no","no","yes","yes","yes",3,3,2,1,2,3,4,10,10,10
"MS","F",18,"U","LE3","T",1,1,"at_home","services","course","father",18.5772162792273,7.84442723030224,0,"no","no","no","no","yes","yes","yes","no",5,3,2,1,1,4,0,18,16,16
"MS","F",18,"R","LE3","A",1,4,"at_home","other","course","mother",54.484529318288,4.91927861445583,0,"no","no","no","no","yes","yes","no","yes",4,3,4,1,4,5,0,13,13,13
"MS","M",18,"R","LE3","T",1,1,"at_home","other","other","mother",18.3698155009188,3.21842610090971,1,"no","no","no","yes","no","no","no","no",4,4,3,2,3,5,2,13,12,12
"MS","F",18,"U","GT3","T",3,3,"services","services","other","mother",17.0244549808558,2.24195595574565,0,"no","yes","no","no","yes","yes","yes","yes",4,3,2,1,3,3,0,11,11,10
"MS","F",17,"U","LE3","T",4,4,"at_home","at_home","course","mother",11.0543280546553,4.24379739444703,0,"no","yes","yes","yes","yes","yes","yes","yes",2,3,4,1,1,1,0,16,15,15
"MS","F",17,"R","GT3","T",1,2,"other","services","course","father",27.3554928519297,2.23119563795626,0,"no","no","no","no","no","yes","no","no",3,2,2,1,2,3,0,12,11,12
"MS","M",18,"R","GT3","T",1,3,"at_home","other","course","mother",29.2968556133565,3.49920685822144,0,"no","yes","yes","no","yes","yes","no","no",3,3,4,2,4,3,4,10,10,10
"MS","M",18,"U","LE3","T",4,4,"teacher","services","other","mother",16.9465575786307,9.10940901725553,0,"no","no","yes","no","yes","yes","yes","yes",4,2,2,2,2,5,0,13,13,13
"MS","F",17,"R","GT3","T",1,1,"other","services","reputation","mother",56.1169092427008,1.67685253336094,1,"no","yes","yes","no","yes","yes","yes","yes",5,2,1,1,2,1,0,7,6,0
"MS","F",18,"U","GT3","T",2,3,"at_home","services","course","father",16.0540975851472,1.33541250787675,0,"no","yes","yes","no","yes","yes","yes","yes",5,2,3,1,2,4,0,11,10,10
"MS","F",18,"R","GT3","T",4,4,"other","teacher","other","father",51.5144113870338,2.23902457160875,0,"no","yes","yes","no","no","yes","yes","yes",3,2,2,4,2,5,10,14,12,11
"MS","F",19,"U","LE3","T",3,2,"services","services","home","other",15.2893562230747,4.81987211294472,2,"no","no","no","yes","yes","yes","no","yes",3,2,2,1,1,3,4,7,7,9
"MS","M",18,"R","LE3","T",1,2,"at_home","services","other","father",56.1174476821907,1.44302089582197,0,"no","yes","yes","yes","yes","no","yes","yes",4,3,3,2,3,3,3,14,12,12
"MS","F",17,"U","GT3","T",2,2,"other","at_home","home","mother",6.80204647965729,6.06401499826461,0,"no","no","no","yes","yes","yes","no","yes",3,4,3,1,1,3,8,13,11,11
"MS","F",17,"R","GT3","T",1,2,"other","other","course","mother",11.0397840789519,1.71510090655647,0,"no","no","no","yes","yes","yes","yes","no",3,5,5,1,3,1,14,6,5,5
"MS","F",18,"R","LE3","T",4,4,"other","other","reputation","mother",17.9149079800118,9.21079823863693,0,"no","no","no","no","yes","yes","yes","no",5,4,4,1,1,1,0,19,18,19
"MS","F",18,"R","GT3","T",1,1,"other","other","home","mother",112.961281584576,9.15813976665959,0,"no","no","no","no","yes","yes","yes","no",4,3,2,1,2,4,2,8,8,10
"MS","F",20,"U","GT3","T",4,2,"health","other","course","other",23.4202290815301,5.09009465808049,2,"no","yes","yes","no","no","yes","yes","yes",5,4,3,1,1,3,4,15,14,15
"MS","F",18,"R","LE3","T",4,4,"teacher","services","course","mother",5.38892018375918,3.23790429439396,0,"no","no","yes","yes","yes","yes","yes","no",5,4,3,3,4,2,4,8,9,10
"MS","F",18,"U","GT3","T",3,3,"other","other","home","mother",14.036137170624,2.13604989112355,0,"no","no","yes","no","yes","yes","yes","yes",4,1,3,1,2,1,0,15,15,15
"MS","F",17,"R","GT3","T",3,1,"at_home","other","reputation","mother",3.68089307053015,4.70175894140266,0,"no","yes","yes","yes","no","yes","yes","no",4,5,4,2,3,1,17,10,10,10
"MS","M",18,"U","GT3","T",4,4,"teacher","teacher","home","father",9.74535744730383,4.44157208013348,0,"no","no","yes","yes","no","yes","yes","no",3,2,4,1,4,2,4,15,14,14
"MS","M",18,"R","GT3","T",2,1,"other","other","other","mother",27.1101530792657,1.70474264957011,0,"no","no","no","yes","no","yes","yes","yes",4,4,3,1,3,5,5,7,6,7
"MS","M",17,"U","GT3","T",2,3,"other","services","home","father",16.7174767004326,2.80154119222425,0,"no","no","no","yes","yes","yes","yes","no",4,4,3,1,1,3,2,11,11,10
"MS","M",19,"R","GT3","T",1,1,"other","services","other","mother",21.9436342734843,1.12436250853352,1,"no","no","no","no","yes","yes","no","no",4,3,2,1,3,5,0,6,5,0
"MS","M",18,"R","GT3","T",4,2,"other","other","home","father",27.7457015728578,1.14050747943111,1,"no","no","yes","no","yes","yes","no","no",5,4,3,4,3,3,14,6,5,5
"MS","F",18,"R","GT3","T",2,2,"at_home","other","other","mother",24.0463134809397,5.15423845616169,0,"no","no","yes","no","yes","yes","no","no",5,3,3,1,3,4,2,10,9,10
"MS","F",18,"R","GT3","T",4,4,"teacher","at_home","reputation","mother",57.1205495658796,1.67519680736586,0,"no","yes","yes","yes","yes","yes","yes","yes",4,4,3,2,2,5,7,6,5,6
"MS","F",19,"R","GT3","T",2,3,"services","other","course","mother",1.84491334389895,5.87172198924236,1,"no","no","no","yes","no","yes","yes","no",5,4,2,1,2,5,0,7,5,0
"MS","F",18,"U","LE3","T",3,1,"teacher","services","course","mother",10.6317246472463,3.5993532051798,0,"no","yes","yes","no","yes","yes","yes","no",4,3,4,1,1,1,0,7,9,8
"MS","F",18,"U","GT3","T",1,1,"other","other","course","mother",15.0056777964346,4.69120950601064,1,"no","no","no","yes","yes","yes","no","no",1,1,1,1,1,5,0,6,5,0
"MS","M",20,"U","LE3","A",2,2,"services","services","course","other",7.84916281234473,3.6403639211785,2,"no","yes","yes","no","yes","yes","no","no",5,5,4,4,5,4,11,9,9,9
"MS","M",17,"U","LE3","T",3,1,"services","services","course","mother",21.221679802984,1.55245770234615,0,"no","no","no","no","no","yes","yes","no",2,4,5,3,4,2,3,14,16,16
"MS","M",21,"R","GT3","T",1,1,"other","other","course","other",2.60592508548871,1.10516921733506,3,"no","no","no","no","no","yes","no","no",5,5,3,3,3,3,3,10,8,7
"MS","M",18,"R","LE3","T",3,2,"services","other","course","mother",48.3489187178202,1.87224845844321,0,"no","no","no","no","no","yes","yes","no",4,4,1,3,4,5,0,11,12,10
"MS","M",19,"U","LE3","T",1,1,"other","at_home","course","father",11.4883984490298,1.8908160966821,0,"no","no","no","no","yes","yes","yes","no",3,2,3,3,3,5,5,8,9,9
